-5.348827926354715601e-06 1.808227716537658125e-05 4.898330735159106553e-05 9.522610525891650468e-06 -4.196465306449681520e-05 6.846753421996254474e-06 1.000000000000000000e+00
2.615900151431560516e-02 -1.043705083429813385e-02 -1.005599740892648697e-02 2.213453262811526656e-04 -9.150747209787368774e-04 1.760943559929728508e-03 9.999980330467224121e-01
5.193401500582695007e-02 -2.028555795550346375e-02 -2.000388130545616150e-02 6.677290657535195351e-04 -1.878335024230182171e-03 3.687911201268434525e-03 9.999912381172180176e-01
7.714227586984634399e-02 -3.039333224296569824e-02 -3.025804087519645691e-02 1.004243618808686733e-03 -2.721480093896389008e-03 5.661032162606716156e-03 9.999797940254211426e-01
1.031840592622756958e-01 -3.984237834811210632e-02 -3.945334628224372864e-02 1.386994146741926670e-03 -4.200747702270746231e-03 7.945156656205654144e-03 9.999586939811706543e-01
1.278602629899978638e-01 -4.942968115210533142e-02 -4.889743030071258545e-02 1.665472402237355709e-03 -5.101640243083238602e-03 1.008764654397964478e-02 9.999347925186157227e-01
1.535710245370864868e-01 -5.850563943386077881e-02 -5.708919465541839600e-02 1.936586806550621986e-03 -6.621211767196655273e-03 1.236570440232753754e-02 9.998998045921325684e-01
1.768047362565994263e-01 -6.696119159460067749e-02 -6.595836579799652100e-02 2.609909977763891220e-03 -6.876529194414615631e-03 1.426559500396251678e-02 9.998712539672851562e-01
2.014072239398956299e-01 -7.529585808515548706e-02 -7.377901673316955566e-02 3.157157450914382935e-03 -7.933278568089008331e-03 1.613323763012886047e-02 9.998334050178527832e-01
2.255048602819442749e-01 -8.332922309637069702e-02 -8.123582601547241211e-02 3.678845241665840149e-03 -8.561398833990097046e-03 1.809318922460079193e-02 9.997928738594055176e-01
2.428047209978103638e-01 -8.794354647397994995e-02 -8.957339823246002197e-02 6.312415003776550293e-03 -6.448065862059593201e-03 1.813800819218158722e-02 9.997948408126831055e-01
2.686859071254730225e-01 -9.587765485048294067e-02 -9.327974915504455566e-02 6.016076076775789261e-03 -8.252864703536033630e-03 2.017170935869216919e-02 9.997443556785583496e-01
2.907896637916564941e-01 -1.031577959656715393e-01 -9.794919937849044800e-02 6.451392546296119690e-03 -8.085411041975021362e-03 2.063107676804065704e-02 9.997336864471435547e-01
3.174836933612823486e-01 -1.113842874765396118e-01 -1.020685583353042603e-01 6.035739555954933167e-03 -9.694480337202548981e-03 2.243879809975624084e-02 9.996830224990844727e-01
3.424429893493652344e-01 -1.178784966468811035e-01 -1.054817140102386475e-01 6.371960509568452835e-03 -1.032419223338365555e-02 2.365695871412754059e-02 9.996465444564819336e-01
3.701996505260467529e-01 -1.259401142597198486e-01 -1.083576232194900513e-01 5.810409318655729294e-03 -1.196792256087064743e-02 2.518278732895851135e-02 9.995943307876586914e-01
3.987608551979064941e-01 -1.334768533706665039e-01 -1.099567115306854248e-01 5.184540525078773499e-03 -1.346663292497396469e-02 2.663481608033180237e-02 9.995411038398742676e-01
4.258620142936706543e-01 -1.405340433120727539e-01 -1.113074198365211487e-01 4.845448769629001617e-03 -1.421870756894350052e-02 2.746437489986419678e-02 9.995099306106567383e-01
4.515579640865325928e-01 -1.468233913183212280e-01 -1.134021803736686707e-01 4.971812013536691666e-03 -1.384012401103973389e-02 2.768340148031711578e-02 9.995086193084716797e-01
4.772465229034423828e-01 -1.519657969474792480e-01 -1.135408356785774231e-01 5.328959319740533829e-03 -1.333588268607854843e-02 2.754538133740425110e-02 9.995173811912536621e-01
5.036388635635375977e-01 -1.568732559680938721e-01 -1.141803786158561707e-01 5.977849010378122330e-03 -1.270907837897539139e-02 2.718095853924751282e-02 9.995319247245788574e-01
5.278693437576293945e-01 -1.621549427509307861e-01 -1.142247319221496582e-01 6.291677244007587433e-03 -1.075923070311546326e-02 2.592029795050621033e-02 9.995863437652587891e-01
5.533291101455688477e-01 -1.677375137805938721e-01 -1.130047589540481567e-01 6.267197430133819580e-03 -9.186781942844390869e-03 2.435491606593132019e-02 9.996415972709655762e-01
5.766155123710632324e-01 -1.723239868879318237e-01 -1.125358641147613525e-01 6.878137588500976562e-03 -6.019821856170892715e-03 2.211105637252330780e-02 9.997138381004333496e-01
6.008883118629455566e-01 -1.773515343666076660e-01 -1.122907996177673340e-01 7.338972296565771103e-03 -3.053202526643872261e-03 1.959366723895072937e-02 9.997764229774475098e-01
6.215871572494506836e-01 -1.807055771350860596e-01 -1.114616841077804565e-01 8.316825143992900848e-03 1.113982638344168663e-03 1.660907827317714691e-02 9.998268485069274902e-01
6.422504186630249023e-01 -1.842477172613143921e-01 -1.115828081965446472e-01 9.174603968858718872e-03 4.715349059551954269e-03 1.356687024235725403e-02 9.998548030853271484e-01
6.594514846801757812e-01 -1.864396631717681885e-01 -1.101538091897964478e-01 1.042713597416877747e-02 9.091052226722240448e-03 9.993609040975570679e-03 9.998544454574584961e-01
6.777812838554382324e-01 -1.892223060131072998e-01 -1.100646704435348511e-01 1.141987275332212448e-02 1.218379475176334381e-02 6.493286229670047760e-03 9.998395442962646484e-01
6.903556585311889648e-01 -1.912181526422500610e-01 -1.091860905289649963e-01 1.253419183194637299e-02 1.747850887477397919e-02 2.272628713399171829e-03 9.997661113739013672e-01
7.011851072311401367e-01 -1.927227228879928589e-01 -1.083258837461471558e-01 1.369719300419092178e-02 2.287530153989791870e-02 -2.141447504982352257e-03 9.996422529220581055e-01
7.101027965545654297e-01 -1.939572542905807495e-01 -1.075574830174446106e-01 1.488098781555891037e-02 2.834982238709926605e-02 -6.699017249047756195e-03 9.994648694992065430e-01
7.184184789657592773e-01 -1.951873451471328735e-01 -1.073200479149818420e-01 1.594651304185390472e-02 3.305700793862342834e-02 -1.101900078356266022e-02 9.992655515670776367e-01
7.237441539764404297e-01 -1.959110498428344727e-01 -1.066248714923858643e-01 1.711486838757991791e-02 3.838707879185676575e-02 -1.561035029590129852e-02 9.989944100379943848e-01
7.270429730415344238e-01 -1.962704658508300781e-01 -1.060662791132926941e-01 1.832665503025054932e-02 4.371344298124313354e-02 -2.030069567263126373e-02 9.986696839332580566e-01
7.286174297332763672e-01 -1.964288204908370972e-01 -1.057918816804885864e-01 1.953317411243915558e-02 4.890104383230209351e-02 -2.500787191092967987e-02 9.982994198799133301e-01
7.314528226852416992e-01 -1.965946853160858154e-01 -1.054769381880760193e-01 2.084895782172679901e-02 5.395198613405227661e-02 -2.968231961131095886e-02 9.978845715522766113e-01
7.370960712432861328e-01 -1.974925696849822998e-01 -1.054842770099639893e-01 2.192753180861473083e-02 5.802342668175697327e-02 -3.369882330298423767e-02 9.975054264068603516e-01
7.424921393394470215e-01 -1.983507424592971802e-01 -1.047554165124893188e-01 2.307496964931488037e-02 6.262564659118652344e-02 -3.817781060934066772e-02 9.970396757125854492e-01
7.492338418960571289e-01 -1.992734372615814209e-01 -1.040201038122177124e-01 2.429382503032684326e-02 6.693586707115173340e-02 -4.253961518406867981e-02 9.965539574623107910e-01
7.571313381195068359e-01 -2.003645300865173340e-01 -1.032158881425857544e-01 2.553585916757583618e-02 7.092516869306564331e-02 -4.671883583068847656e-02 9.960597753524780273e-01
7.681085467338562012e-01 -2.016947418451309204e-01 -1.028884723782539368e-01 2.679232694208621979e-02 7.394643127918243408e-02 -5.003616958856582642e-02 9.956457614898681641e-01
7.788292765617370605e-01 -2.031771540641784668e-01 -1.017282381653785706e-01 2.792323939502239227e-02 7.708674669265747070e-02 -5.373939126729965210e-02 9.951834082603454590e-01
7.910647392272949219e-01 -2.046407610177993774e-01 -1.004451587796211243e-01 2.904797904193401337e-02 7.981554418802261353e-02 -5.715198442339897156e-02 9.947459101676940918e-01
8.044389486312866211e-01 -2.063683122396469116e-01 -9.874456375837326050e-02 3.006645850837230682e-02 8.224245160818099976e-02 -6.030694022774696350e-02 9.943315386772155762e-01
8.203130364418029785e-01 -2.081018239259719849e-01 -9.716664254665374756e-02 3.115399368107318878e-02 8.401039242744445801e-02 -6.268744915723800659e-02 9.940030574798583984e-01
8.359231948852539062e-01 -2.103464603424072266e-01 -9.526778012514114380e-02 3.194124624133110046e-02 8.571892231702804565e-02 -6.533709913492202759e-02 9.936615228652954102e-01
8.532048463821411133e-01 -2.126591652631759644e-01 -9.324306249618530273e-02 3.269387036561965942e-02 8.702525496482849121e-02 -6.743995845317840576e-02 9.933829307556152344e-01
