-9.302235557697713375e-04 4.457939066924154758e-04 -4.282602731109363958e-06 3.377115936018526554e-04 5.407580174505710602e-04 -2.165818004868924618e-04 9.999997615814208984e-01
2.123837172985076904e-02 -7.989610545337200165e-03 -8.911364711821079254e-03 1.110090990550816059e-03 3.932930994778871536e-04 1.393349375575780869e-03 9.999983310699462891e-01
4.276334494352340698e-02 -1.592172496020793915e-02 -1.812211796641349792e-02 2.268571406602859497e-03 2.638234582263976336e-04 2.706833416596055031e-03 9.999937415122985840e-01
6.051613762974739075e-02 -2.274123020470142365e-02 -2.723976410925388336e-02 3.801385872066020966e-03 1.968051772564649582e-03 3.775857156142592430e-03 9.999837875366210938e-01
7.768548280000686646e-02 -2.832469157874584198e-02 -3.571310266852378845e-02 5.824449006468057632e-03 3.705737879499793053e-03 4.650283139199018478e-03 9.999653697013854980e-01
1.017795726656913757e-01 -3.812732174992561340e-02 -4.480705410242080688e-02 5.448896903544664383e-03 1.648943638429045677e-03 7.162482943385839462e-03 9.999581575393676758e-01
1.254531294107437134e-01 -4.694874212145805359e-02 -5.201688781380653381e-02 5.207396578043699265e-03 -4.592840268742293119e-04 9.724376723170280457e-03 9.999390840530395508e-01
1.496243178844451904e-01 -5.571039393544197083e-02 -5.945984646677970886e-02 4.987927153706550598e-03 -2.649107482284307480e-03 1.243718713521957397e-02 9.999067187309265137e-01
1.743093132972717285e-01 -6.474161893129348755e-02 -6.598185002803802490e-02 4.353591240942478180e-03 -4.984403494745492935e-03 1.531222183257341385e-02 9.998609423637390137e-01
1.981731057167053223e-01 -7.268653810024261475e-02 -7.211331278085708618e-02 4.221576265990734100e-03 -6.916448473930358887e-03 1.781676895916461945e-02 9.998084306716918945e-01
2.231593877077102661e-01 -8.169481903314590454e-02 -7.763393223285675049e-02 3.433888778090476990e-03 -9.348722174763679504e-03 2.023728378117084503e-02 9.997456073760986328e-01
2.446989715099334717e-01 -8.743212372064590454e-02 -8.238283544778823853e-02 4.168909974396228790e-03 -1.007733121514320374e-02 2.208909392356872559e-02 9.996965527534484863e-01
2.667022347450256348e-01 -9.394831210374832153e-02 -8.666396141052246094e-02 4.419749602675437927e-03 -1.101569831371307373e-02 2.369005419313907623e-02 9.996489286422729492e-01
2.895684242248535156e-01 -1.005095466971397400e-01 -9.018222242593765259e-02 4.384115803986787796e-03 -1.211707945913076401e-02 2.539389953017234802e-02 9.995944499969482422e-01
3.133936822414398193e-01 -1.075683683156967163e-01 -9.302925318479537964e-02 3.944412805140018463e-03 -1.360554620623588562e-02 2.684443071484565735e-02 9.995392560958862305e-01
3.356459736824035645e-01 -1.133695170283317566e-01 -9.539738297462463379e-02 4.125704523175954819e-03 -1.403365470468997955e-02 2.800159715116024017e-02 9.995008707046508789e-01
3.593348562717437744e-01 -1.193721964955329895e-01 -9.686937183141708374e-02 3.968548960983753204e-03 -1.478647906333208084e-02 2.884896099567413330e-02 9.994665980339050293e-01
3.811351060867309570e-01 -1.246193945407867432e-01 -9.837657958269119263e-02 4.232358187437057495e-03 -1.438979152590036392e-02 2.929824218153953552e-02 9.994581937789916992e-01
4.047681391239166260e-01 -1.302106380462646484e-01 -1.004651486873626709e-01 4.330720752477645874e-03 -1.443068590015172958e-02 2.940987423062324524e-02 9.994539022445678711e-01
4.262080788612365723e-01 -1.346124112606048584e-01 -1.007820367813110352e-01 4.781091585755348206e-03 -1.309479307383298874e-02 2.910054661333560944e-02 9.994792938232421875e-01
4.490548670291900635e-01 -1.398316770792007446e-01 -1.017735376954078674e-01 4.994957242161035538e-03 -1.179451681673526764e-02 2.837601117789745331e-02 9.995152950286865234e-01
4.699845016002655029e-01 -1.439237296581268311e-01 -1.020839065313339233e-01 5.702803842723369598e-03 -9.389076381921768188e-03 2.707676216959953308e-02 9.995730519294738770e-01
4.922439754009246826e-01 -1.486876606941223145e-01 -1.023660898208618164e-01 5.941967945545911789e-03 -6.983891129493713379e-03 2.531208284199237823e-02 9.996375441551208496e-01
5.121174454689025879e-01 -1.518693715333938599e-01 -1.018536686897277832e-01 7.017712574452161789e-03 -3.469976596534252167e-03 2.311961166560649872e-02 9.997020959854125977e-01
5.332205295562744141e-01 -1.556603014469146729e-01 -1.017359793186187744e-01 7.771064061671495438e-03 -7.406442455248907208e-05 2.058821916580200195e-02 9.997578859329223633e-01
5.507603883743286133e-01 -1.582838892936706543e-01 -1.006945744156837463e-01 8.876224979758262634e-03 4.457972012460231781e-03 1.761202700436115265e-02 9.997955560684204102e-01
5.679426789283752441e-01 -1.613629311323165894e-01 -9.990672022104263306e-02 9.598796255886554718e-03 8.649894967675209045e-03 1.420272886753082275e-02 9.998157024383544922e-01
5.819353461265563965e-01 -1.631059199571609497e-01 -9.882647544145584106e-02 1.093982066959142685e-02 1.387907471507787704e-02 1.063352171331644058e-02 9.997873306274414062e-01
5.966107845306396484e-01 -1.655040532350540161e-01 -9.859074652194976807e-02 1.189036667346954346e-02 1.816820725798606873e-02 6.998018827289342880e-03 9.997397661209106445e-01
6.074464321136474609e-01 -1.669058799743652344e-01 -9.739273041486740112e-02 1.316758431494235992e-02 2.355245128273963928e-02 2.925693988800048828e-03 9.996316432952880859e-01
6.167338490486145020e-01 -1.677581965923309326e-01 -9.640493243932723999e-02 1.454014889895915985e-02 2.908991649746894836e-02 -1.369852921925485134e-03 9.994701147079467773e-01
6.241846680641174316e-01 -1.684390306472778320e-01 -9.555305540561676025e-02 1.588169485330581665e-02 3.474201261997222900e-02 -5.831697024405002594e-03 9.992530941963195801e-01
6.325860023498535156e-01 -1.695757210254669189e-01 -9.571029245853424072e-02 1.700837351381778717e-02 3.882600739598274231e-02 -9.598395787179470062e-03 9.990551471710205078e-01
6.369630694389343262e-01 -1.700070798397064209e-01 -9.511815756559371948e-02 1.825300604104995728e-02 4.428659752011299133e-02 -1.420746836811304092e-02 9.987511038780212402e-01
6.397140622138977051e-01 -1.701443642377853394e-01 -9.465097635984420776e-02 1.951571181416511536e-02 4.969846829771995544e-02 -1.888598315417766571e-02 9.983949661254882812e-01
6.409765481948852539e-01 -1.702102571725845337e-01 -9.441290795803070068e-02 2.071239612996578217e-02 5.495294556021690369e-02 -2.359832637012004852e-02 9.979951977729797363e-01
6.433549523353576660e-01 -1.702729314565658569e-01 -9.401325136423110962e-02 2.200671285390853882e-02 6.009106338024139404e-02 -2.831853926181793213e-02 9.975484609603881836e-01
6.492828726768493652e-01 -1.706226468086242676e-01 -9.426920115947723389e-02 2.331526763737201691e-02 6.366809457540512085e-02 -3.201234340667724609e-02 9.971850514411926270e-01
6.539259552955627441e-01 -1.710530519485473633e-01 -9.374431520700454712e-02 2.458969131112098694e-02 6.835754960775375366e-02 -3.649960085749626160e-02 9.966897368431091309e-01
6.598843336105346680e-01 -1.716545522212982178e-01 -9.323205798864364624e-02 2.588144689798355103e-02 7.269131392240524292e-02 -4.080038890242576599e-02 9.961835145950317383e-01
6.669803261756896973e-01 -1.723777502775192261e-01 -9.258413314819335938e-02 2.719629742205142975e-02 7.672744989395141602e-02 -4.489856213331222534e-02 9.956693053245544434e-01
6.758865118026733398e-01 -1.733127385377883911e-01 -9.167742729187011719e-02 2.845283225178718567e-02 7.986022531986236572e-02 -4.871720448136329651e-02 9.952082633972167969e-01
6.854165792465209961e-01 -1.744382083415985107e-01 -9.090621769428253174e-02 2.964660152792930603e-02 8.300503343343734741e-02 -5.234820023179054260e-02 9.947316050529479980e-01
6.960359215736389160e-01 -1.756612509489059448e-01 -8.990228921175003052e-02 3.077291697263717651e-02 8.583101630210876465e-02 -5.571784451603889465e-02 9.942743778228759766e-01
7.077329754829406738e-01 -1.770192235708236694e-01 -8.881796151399612427e-02 3.187192603945732117e-02 8.836669474840164185e-02 -5.882705748081207275e-02 9.938384890556335449e-01
7.208887934684753418e-01 -1.791245788335800171e-01 -8.802005648612976074e-02 3.266004472970962524e-02 8.999039232730865479e-02 -6.198417395353317261e-02 9.934752583503723145e-01
7.345913648605346680e-01 -1.807011961936950684e-01 -8.679752051830291748e-02 3.360769152641296387e-02 9.175117313861846924e-02 -6.448926031589508057e-02 9.931230545043945312e-01
7.499798536300659180e-01 -1.822275519371032715e-01 -8.553303033113479614e-02 3.455637022852897644e-02 9.304836392402648926e-02 -6.648731976747512817e-02 9.928380250930786133e-01
7.665747404098510742e-01 -1.836738437414169312e-01 -8.423156291246414185e-02 3.541177511215209961e-02 9.404651075601577759e-02 -6.813076883554458618e-02 9.926023483276367188e-01
7.850241661071777344e-01 -1.854300498962402344e-01 -8.245742321014404297e-02 3.613608703017234802e-02 9.411188215017318726e-02 -6.976488977670669556e-02 9.924566149711608887e-01
8.016845583915710449e-01 -1.867551952600479126e-01 -8.067456632852554321e-02 3.668593615293502808e-02 9.436401724815368652e-02 -7.056277990341186523e-02 9.923560023307800293e-01
8.174117803573608398e-01 -1.882221549749374390e-01 -7.914013415575027466e-02 3.698797896504402161e-02 9.427032619714736938e-02 -7.105157524347305298e-02 9.923188686370849609e-01
8.326854109764099121e-01 -1.897830516099929810e-01 -7.879123836755752563e-02 3.697349876165390015e-02 9.314527362585067749e-02 -7.182450592517852783e-02 9.923700094223022461e-01
8.454936146736145020e-01 -1.908005326986312866e-01 -7.641834020614624023e-02 3.678711131215095520e-02 9.276353567838668823e-02 -7.142809778451919556e-02 9.924412965774536133e-01
8.579546809196472168e-01 -1.918737143278121948e-01 -7.448069751262664795e-02 3.640757128596305847e-02 9.181643277406692505e-02 -7.065973430871963501e-02 9.925983548164367676e-01
8.690816760063171387e-01 -1.930590718984603882e-01 -7.224853336811065674e-02 3.568869456648826599e-02 9.063167870044708252e-02 -6.954415142536163330e-02 9.928120970726013184e-01
8.797684907913208008e-01 -1.929388046264648438e-01 -7.222241163253784180e-02 3.553638234734535217e-02 8.867909759283065796e-02 -6.850583851337432861e-02 9.930660128593444824e-01
8.892743587493896484e-01 -1.937174201011657715e-01 -7.045704871416091919e-02 3.440036624670028687e-02 8.676231652498245239e-02 -6.635739654302597046e-02 9.934211969375610352e-01
8.974203467369079590e-01 -1.945569813251495361e-01 -6.887694448232650757e-02 3.286774456501007080e-02 8.446624130010604858e-02 -6.381765007972717285e-02 9.938372969627380371e-01
9.052536487579345703e-01 -1.951183080673217773e-01 -6.717316806316375732e-02 3.110699541866779327e-02 8.170962333679199219e-02 -6.081519648432731628e-02 9.943125247955322266e-01
9.123394489288330078e-01 -1.948499232530593872e-01 -6.614970415830612183e-02 2.936207689344882965e-02 7.864361256361007690e-02 -5.684274062514305115e-02 9.948477745056152344e-01
9.181031584739685059e-01 -1.952208429574966431e-01 -6.509313732385635376e-02 2.704763039946556091e-02 7.526371628046035767e-02 -5.309437960386276245e-02 9.953817725181579590e-01
9.235149621963500977e-01 -1.956210285425186157e-01 -6.439062952995300293e-02 2.455751784145832062e-02 7.151396572589874268e-02 -4.881468042731285095e-02 9.959417581558227539e-01
9.280191063880920410e-01 -1.962714046239852905e-01 -6.309640407562255859e-02 2.163592912256717682e-02 6.747876107692718506e-02 -4.447112604975700378e-02 9.964942932128906250e-01
9.339110851287841797e-01 -1.931293904781341553e-01 -6.558094173669815063e-02 2.042458765208721161e-02 6.392186135053634644e-02 -3.839121013879776001e-02 9.970070123672485352e-01
9.404730200767517090e-01 -1.939960271120071411e-01 -6.435804069042205811e-02 1.717830449342727661e-02 5.991285294294357300e-02 -3.343797475099563599e-02 9.974954724311828613e-01
9.482308626174926758e-01 -1.947056353092193604e-01 -6.290189176797866821e-02 1.394196972250938416e-02 5.595325306057929993e-02 -2.840881980955600739e-02 9.979317784309387207e-01
9.570283889770507812e-01 -1.957424730062484741e-01 -6.113694980740547180e-02 1.058588549494743347e-02 5.222884193062782288e-02 -2.344411052763462067e-02 9.983038306236267090e-01
9.679093956947326660e-01 -1.962529718875885010e-01 -5.990489572286605835e-02 7.648076862096786499e-03 4.821112379431724548e-02 -1.842310093343257904e-02 9.986379742622375488e-01
9.793726205825805664e-01 -1.968206763267517090e-01 -5.786596983671188354e-02 4.649030510336160660e-03 4.481966793537139893e-02 -1.374154631048440933e-02 9.988897442817687988e-01
9.909591078758239746e-01 -1.958784013986587524e-01 -5.868900194764137268e-02 2.600420033559203148e-03 4.198496788740158081e-02 -1.004052069038152695e-02 9.990644454956054688e-01
1.003792643547058105e+00 -1.967214494943618774e-01 -5.582943931221961975e-02 -2.410160523140802979e-04 3.937374800443649292e-02 -6.392717361450195312e-03 9.992040395736694336e-01
1.018112063407897949e+00 -1.977844834327697754e-01 -5.262436717748641968e-02 -2.927942434325814247e-03 3.730377554893493652e-02 -3.134901868179440498e-03 9.992947578430175781e-01
1.033493518829345703e+00 -1.984460055828094482e-01 -4.929845035076141357e-02 -5.192962475121021271e-03 3.570995479822158813e-02 -5.577982519753277302e-04 9.993486404418945312e-01
1.049694895744323730e+00 -1.994527876377105713e-01 -4.534694924950599670e-02 -7.378374226391315460e-03 3.494942188262939453e-02 1.050107181072235107e-03 9.993613362312316895e-01
1.070752143859863281e+00 -1.986525803804397583e-01 -4.768263921141624451e-02 -7.802141364663839340e-03 3.253826871514320374e-02 2.727417740970849991e-03 9.994363188743591309e-01
1.087563872337341309e+00 -1.995523720979690552e-01 -4.237945750355720520e-02 -9.161861613392829895e-03 3.354177251458168030e-02 2.933338517323136330e-03 9.993910789489746094e-01
1.104700088500976562e+00 -2.004741430282592773e-01 -3.727690130472183228e-02 -1.021621748805046082e-02 3.546058386564254761e-02 1.714676502160727978e-03 9.993174076080322266e-01
1.123699903488159180e+00 -2.014031261205673218e-01 -3.335187956690788269e-02 -1.056762691587209702e-02 3.759504854679107666e-02 -7.872904534451663494e-04 9.992368817329406738e-01
1.147538781166076660e+00 -1.998747140169143677e-01 -3.585642203688621521e-02 -8.742662146687507629e-03 3.738792240619659424e-02 -3.325487487018108368e-03 9.992570877075195312e-01
1.165739059448242188e+00 -2.011765688657760620e-01 -2.923610992729663849e-02 -8.423073217272758484e-03 4.286940768361091614e-02 -8.706219494342803955e-03 9.990072250366210938e-01
1.188263297080993652e+00 -2.019664347171783447e-01 -2.741987071931362152e-02 -7.053469307720661163e-03 4.680858924984931946e-02 -1.445993781089782715e-02 9.987743496894836426e-01
1.210000276565551758e+00 -2.014176398515701294e-01 -2.287553995847702026e-02 -4.503680393099784851e-03 5.383066087961196899e-02 -2.199599333107471466e-02 9.982976913452148438e-01
1.238772988319396973e+00 -1.983767002820968628e-01 -2.513109147548675537e-02 -2.344699605600908399e-04 5.742061138153076172e-02 -2.930373884737491608e-02 9.979198575019836426e-01
1.261605501174926758e+00 -1.974990665912628174e-01 -1.936983130872249603e-02 3.403860609978437424e-03 6.538550555706024170e-02 -3.853646293282508850e-02 9.971098899841308594e-01
1.285624265670776367e+00 -1.957026124000549316e-01 -1.717792078852653503e-02 7.696827407926321030e-03 7.288856059312820435e-02 -4.766729101538658142e-02 9.961706399917602539e-01
1.312924861907958984e+00 -1.943476945161819458e-01 -1.419984735548496246e-02 1.212739013135433197e-02 8.028019219636917114e-02 -5.808205530047416687e-02 9.950048327445983887e-01
1.340373396873474121e+00 -1.919273287057876587e-01 -1.263650227338075638e-02 1.725218258798122406e-02 8.851591497659683228e-02 -6.871696561574935913e-02 9.935519099235534668e-01
1.373863101005554199e+00 -1.908316463232040405e-01 -8.552650921046733856e-03 2.216702327132225037e-02 9.404128044843673706e-02 -7.973925769329071045e-02 9.921222329139709473e-01
1.402458906173706055e+00 -1.893519610166549683e-01 -5.767025053501129150e-03 2.714183181524276733e-02 1.014440953731536865e-01 -9.007029235363006592e-02 9.903836846351623535e-01
1.438725352287292480e+00 -1.876756995916366577e-01 -2.474410459399223328e-03 3.250291198492050171e-02 1.056577935814857483e-01 -1.006077229976654053e-01 9.887659549713134766e-01
1.482803225517272949e+00 -1.807725727558135986e-01 -6.302585825324058533e-03 3.968109935522079468e-02 1.091390922665596008e-01 -1.094640344381332397e-01 9.871837496757507324e-01
1.519926548004150391e+00 -1.789772361516952515e-01 -3.832964226603507996e-03 4.420499503612518311e-02 1.149361729621887207e-01 -1.191018149256706238e-01 9.852159023284912109e-01
1.558947324752807617e+00 -1.741843819618225098e-01 -3.878314048051834106e-03 5.028629675507545471e-02 1.194165796041488647e-01 -1.282919347286224365e-01 9.832355976104736328e-01
1.592939496040344238e+00 -1.686422377824783325e-01 -6.209433078765869141e-03 5.625650286674499512e-02 1.247947365045547485e-01 -1.355465948581695557e-01 9.812689423561096191e-01
1.627225756645202637e+00 -1.650837957859039307e-01 -6.426997482776641846e-03 6.145265698432922363e-02 1.278613060712814331e-01 -1.415153145790100098e-01 9.797186255455017090e-01
1.663071036338806152e+00 -1.614927798509597778e-01 -4.650596529245376587e-03 6.699333339929580688e-02 1.289250403642654419e-01 -1.476547867059707642e-01 9.783089160919189453e-01
1.693704605102539062e+00 -1.561121046543121338e-01 -5.149312317371368408e-03 7.280682772397994995e-02 1.295543462038040161e-01 -1.515466868877410889e-01 9.772146344184875488e-01
1.732405781745910645e+00 -1.523379981517791748e-01 -1.826047897338867188e-03 7.887440919876098633e-02 1.254602819681167603e-01 -1.548968702554702759e-01 9.767525792121887207e-01
1.761775732040405273e+00 -1.480828970670700073e-01 2.078115940093994141e-04 8.356709033250808716e-02 1.225583404302597046e-01 -1.531395614147186279e-01 9.770078063011169434e-01
1.794553399085998535e+00 -1.427776068449020386e-01 2.384379506111145020e-03 8.885371685028076172e-02 1.165844574570655823e-01 -1.526474058628082275e-01 9.773494601249694824e-01
1.825619339942932129e+00 -1.394882500171661377e-01 7.153041660785675049e-03 9.276344627141952515e-02 1.093052402138710022e-01 -1.488813906908035278e-01 9.784077405929565430e-01
1.856172204017639160e+00 -1.360437422990798950e-01 1.243415474891662598e-02 9.669601917266845703e-02 9.911356121301651001e-02 -1.426826417446136475e-01 9.800347089767456055e-01
1.885649085044860840e+00 -1.336714029312133789e-01 2.010366320610046387e-02 9.981010854244232178e-02 8.732753992080688477e-02 -1.351673901081085205e-01 9.819071888923645020e-01
1.914633989334106445e+00 -1.320416480302810669e-01 2.990903705358505249e-02 1.019263938069343567e-01 7.439456880092620850e-02 -1.247155815362930298e-01 9.841354489326477051e-01
1.943294882774353027e+00 -1.306984871625900269e-01 4.017261043190956116e-02 1.037261411547660828e-01 5.975304171442985535e-02 -1.130952164530754089e-01 9.863467812538146973e-01
1.975191473960876465e+00 -1.292417049407958984e-01 5.096693709492683411e-02 1.057559773325920105e-01 4.206442087888717651e-02 -1.000339463353157043e-01 9.884531497955322266e-01
2.005652189254760742e+00 -1.288433521986007690e-01 6.240522488951683044e-02 1.063460633158683777e-01 2.404622733592987061e-02 -8.507967740297317505e-02 9.903907775878906250e-01
2.037351131439208984e+00 -1.277315467596054077e-01 7.739251852035522461e-02 1.064651161432266235e-01 7.602131925523281097e-03 -6.625818461179733276e-02 9.920772910118103027e-01
2.066997766494750977e+00 -1.287017762660980225e-01 9.257327765226364136e-02 1.060004532337188721e-01 -1.013499405235052109e-02 -5.136312916874885559e-02 9.929869771003723145e-01
2.096791267395019531e+00 -1.315585076808929443e-01 1.097033247351646423e-01 1.052667424082756042e-01 -2.834046259522438049e-02 -3.672078624367713928e-02 9.933616518974304199e-01
2.120985507965087891e+00 -1.393946111202239990e-01 1.349425166845321655e-01 1.027392968535423279e-01 -4.896990582346916199e-02 -2.360969595611095428e-02 9.932216405868530273e-01
2.130344152450561523e+00 -1.483854502439498901e-01 1.589513719081878662e-01 1.010622382164001465e-01 -7.007592171430587769e-02 -9.776728227734565735e-03 9.923609495162963867e-01
2.132233858108520508e+00 -1.533035933971405029e-01 1.797198653221130371e-01 9.890268743038177490e-02 -8.912064880132675171e-02 7.870618253946304321e-03 9.910670518875122070e-01
2.133684635162353516e+00 -1.534277796745300293e-01 1.983653306961059570e-01 9.902045130729675293e-02 -1.074720919132232666e-01 3.035267628729343414e-02 9.887989759445190430e-01
2.134472131729125977e+00 -1.549760699272155762e-01 2.191381007432937622e-01 1.021557077765464783e-01 -1.257572919130325317e-01 4.813596978783607483e-02 9.856126904487609863e-01
2.133345603942871094e+00 -1.558540314435958862e-01 2.368260920047760010e-01 9.856986999511718750e-02 -1.427220255136489868e-01 6.833847612142562866e-02 9.824684262275695801e-01
2.134186744689941406e+00 -1.560882031917572021e-01 2.437996119260787964e-01 9.599858522415161133e-02 -1.607856899499893188e-01 8.518534898757934570e-02 9.786090254783630371e-01
2.134378910064697266e+00 -1.553946286439895630e-01 2.495053112506866455e-01 9.600463509559631348e-02 -1.753867417573928833e-01 1.015310063958168030e-01 9.745327234268188477e-01
2.134312868118286133e+00 -1.551018506288528442e-01 2.513825297355651855e-01 9.698929637670516968e-02 -1.848395168781280518e-01 1.131099164485931396e-01 9.714080691337585449e-01
2.134233474731445312e+00 -1.545589864253997803e-01 2.557842731475830078e-01 9.668835997581481934e-02 -1.954638063907623291e-01 1.264560222625732422e-01 9.677056670188903809e-01
2.134032249450683594e+00 -1.536556780338287354e-01 2.599745392799377441e-01 9.682328999042510986e-02 -2.040381729602813721e-01 1.384974718093872070e-01 9.642676711082458496e-01
2.133642435073852539e+00 -1.526075154542922974e-01 2.638501524925231934e-01 9.688702225685119629e-02 -2.100197672843933105e-01 1.488616764545440674e-01 9.614285230636596680e-01
2.133665084838867188e+00 -1.511450409889221191e-01 2.677301168441772461e-01 9.749600291252136230e-02 -2.150713205337524414e-01 1.577258855104446411e-01 9.588333964347839355e-01
2.133743524551391602e+00 -1.495385617017745972e-01 2.716347873210906982e-01 9.837004542350769043e-02 -2.191543281078338623e-01 1.662805527448654175e-01 9.563710093498229980e-01
2.133945465087890625e+00 -1.478586792945861816e-01 2.756256163120269775e-01 9.946759045124053955e-02 -2.220889180898666382e-01 1.737151890993118286e-01 9.542567133903503418e-01
2.134397506713867188e+00 -1.462021321058273315e-01 2.795824408531188965e-01 1.008158251643180847e-01 -2.241929769515991211e-01 1.799281388521194458e-01 9.524703025817871094e-01
2.135718107223510742e+00 -1.440282016992568970e-01 2.838670909404754639e-01 1.038624271750450134e-01 -2.277160137891769409e-01 1.846114844083786011e-01 9.504086971282958984e-01
2.136410236358642578e+00 -1.427978873252868652e-01 2.880850136280059814e-01 1.054918766021728516e-01 -2.275737822055816650e-01 1.893875300884246826e-01 9.493229389190673828e-01
2.137524843215942383e+00 -1.419455856084823608e-01 2.920130491256713867e-01 1.068595796823501587e-01 -2.280365526676177979e-01 1.930839568376541138e-01 9.483137726783752441e-01
2.138807535171508789e+00 -1.415839791297912598e-01 2.961481809616088867e-01 1.085288599133491516e-01 -2.265962511301040649e-01 1.955875307321548462e-01 9.479563236236572266e-01
2.140961170196533203e+00 -1.414149999618530273e-01 2.998666167259216309e-01 1.104323193430900574e-01 -2.268030643463134766e-01 1.961662769317626953e-01 9.475673437118530273e-01
2.142447471618652344e+00 -1.413169801235198975e-01 3.039169013500213623e-01 1.133675128221511841e-01 -2.243487983942031860e-01 1.971519142389297485e-01 9.476004838943481445e-01
2.143845796585083008e+00 -1.414418071508407593e-01 3.076478242874145508e-01 1.153262034058570862e-01 -2.216341048479080200e-01 1.970297694206237793e-01 9.480282068252563477e-01
2.144943237304687500e+00 -1.418680846691131592e-01 3.114875257015228271e-01 1.173443570733070374e-01 -2.179305106401443481e-01 1.977484822273254395e-01 9.484894275665283203e-01
2.147465705871582031e+00 -1.418815404176712036e-01 3.153689503669738770e-01 1.197288930416107178e-01 -2.181604653596878052e-01 1.978289186954498291e-01 9.481216669082641602e-01
2.148159265518188477e+00 -1.422806531190872192e-01 3.184706270694732666e-01 1.217498034238815308e-01 -2.135145068168640137e-01 1.991918683052062988e-01 9.486364722251892090e-01
2.149114370346069336e+00 -1.425222754478454590e-01 3.208174407482147217e-01 1.236676797270774841e-01 -2.108065634965896606e-01 2.002757489681243896e-01 9.487658143043518066e-01
2.152638912200927734e+00 -1.428066492080688477e-01 3.225665092468261719e-01 1.227512285113334656e-01 -2.188989520072937012e-01 1.985259801149368286e-01 9.474190473556518555e-01
2.152963876724243164e+00 -1.429505348205566406e-01 3.242279589176177979e-01 1.239445060491561890e-01 -2.155839949846267700e-01 1.986414492130279541e-01 9.479994177818298340e-01
2.153247833251953125e+00 -1.433531939983367920e-01 3.257167935371398926e-01 1.241323649883270264e-01 -2.127111852169036865e-01 1.985758095979690552e-01 9.486373662948608398e-01
2.153489112854003906e+00 -1.433635652065277100e-01 3.264986276626586914e-01 1.251181215047836304e-01 -2.112726420164108276e-01 1.970326155424118042e-01 9.491509795188903809e-01
2.153534412384033203e+00 -1.434599757194519043e-01 3.271162211894989014e-01 1.257339268922805786e-01 -2.094868570566177368e-01 1.951747983694076538e-01 9.498489499092102051e-01
2.154004812240600586e+00 -1.436590254306793213e-01 3.276296854019165039e-01 1.252756267786026001e-01 -2.092569023370742798e-01 1.921240389347076416e-01 9.505818486213684082e-01
2.154202222824096680e+00 -1.437892317771911621e-01 3.283611834049224854e-01 1.251065433025360107e-01 -2.089121937751770020e-01 1.899359077215194702e-01 9.511195421218872070e-01
2.154428482055664062e+00 -1.437952965497970581e-01 3.290559053421020508e-01 1.252169460058212280e-01 -2.093110829591751099e-01 1.874915957450866699e-01 9.515022635459899902e-01
2.154582262039184570e+00 -1.437879949808120728e-01 3.297973573207855225e-01 1.254732459783554077e-01 -2.095198035240173340e-01 1.849488466978073120e-01 9.519200921058654785e-01
2.154674530029296875e+00 -1.437694430351257324e-01 3.304239809513092041e-01 1.256802976131439209e-01 -2.095584422349929810e-01 1.821357309818267822e-01 9.524265527725219727e-01
2.155493021011352539e+00 -1.437766551971435547e-01 3.316293358802795410e-01 1.255110204219818115e-01 -2.137512415647506714e-01 1.782810837030410767e-01 9.522464275360107422e-01
2.155392169952392578e+00 -1.437202841043472290e-01 3.320554494857788086e-01 1.261421144008636475e-01 -2.125915735960006714e-01 1.751715391874313354e-01 9.529994130134582520e-01
2.155322551727294922e+00 -1.436621248722076416e-01 3.324302434921264648e-01 1.268758773803710938e-01 -2.113269418478012085e-01 1.718223392963409424e-01 9.537927508354187012e-01
2.155262947082519531e+00 -1.436113715171813965e-01 3.327550888061523438e-01 1.276443153619766235e-01 -2.098426669836044312e-01 1.681349873542785645e-01 9.546746611595153809e-01
2.155215501785278320e+00 -1.436126530170440674e-01 3.329476118087768555e-01 1.283767521381378174e-01 -2.078356891870498657e-01 1.639701277017593384e-01 9.557393193244934082e-01
2.155120372772216797e+00 -1.435735225677490234e-01 3.330766558647155762e-01 1.297120004892349243e-01 -2.049387842416763306e-01 1.595452725887298584e-01 9.569327831268310547e-01
2.155112028121948242e+00 -1.435568332672119141e-01 3.331969380378723145e-01 1.309752166271209717e-01 -2.019242793321609497e-01 1.550678163766860962e-01 9.581367969512939453e-01
2.155106782913208008e+00 -1.435532122850418091e-01 3.332874774932861328e-01 1.325468868017196655e-01 -1.981136202812194824e-01 1.501372009515762329e-01 9.595004916191101074e-01
2.155093431472778320e+00 -1.435350179672241211e-01 3.333587646484375000e-01 1.346977949142456055e-01 -1.933693885803222656e-01 1.449279934167861938e-01 9.609686136245727539e-01
2.155089378356933594e+00 -1.435309946537017822e-01 3.333835005760192871e-01 1.372520774602890015e-01 -1.874807476997375488e-01 1.391933262348175049e-01 9.626204371452331543e-01
2.155141592025756836e+00 -1.435211002826690674e-01 3.333556056022644043e-01 1.402583569288253784e-01 -1.805526614189147949e-01 1.329098939895629883e-01 9.643979668617248535e-01
2.155094146728515625e+00 -1.434997469186782837e-01 3.334241211414337158e-01 1.439474225044250488e-01 -1.723089665174484253e-01 1.267597973346710205e-01 9.661887884140014648e-01
2.154982566833496094e+00 -1.434625834226608276e-01 3.335438370704650879e-01 1.484048366546630859e-01 -1.625824719667434692e-01 1.204538270831108093e-01 9.680050611495971680e-01
2.154965639114379883e+00 -1.434605121612548828e-01 3.335632383823394775e-01 1.530635505914688110e-01 -1.512592434883117676e-01 1.131228134036064148e-01 9.699976444244384766e-01
2.154957532882690430e+00 -1.433956325054168701e-01 3.336282372474670410e-01 1.587335169315338135e-01 -1.394058167934417725e-01 1.059671714901924133e-01 9.716690182685852051e-01
2.154936790466308594e+00 -1.433971077203750610e-01 3.336635231971740723e-01 1.644060909748077393e-01 -1.254676431417465210e-01 9.801541268825531006e-02 9.734585285186767578e-01
2.154962539672851562e+00 -1.433937251567840576e-01 3.337087929248809814e-01 1.703357100486755371e-01 -1.114019602537155151e-01 8.998356759548187256e-02 9.749248027801513672e-01
2.154963731765747070e+00 -1.433939039707183838e-01 3.337222337722778320e-01 1.763155907392501831e-01 -9.570933878421783447e-02 8.170308172702789307e-02 9.762567281723022461e-01
2.154996156692504883e+00 -1.433739960193634033e-01 3.337417542934417725e-01 1.826682686805725098e-01 -8.021736890077590942e-02 7.374187558889389038e-02 9.771180748939514160e-01
2.155037164688110352e+00 -1.434040069580078125e-01 3.337809443473815918e-01 1.881846934556961060e-01 -6.429702788591384888e-02 6.532546877861022949e-02 9.778471589088439941e-01
2.155324935913085938e+00 -1.435826420783996582e-01 3.337807059288024902e-01 1.897906064987182617e-01 -5.311786383390426636e-02 5.702171474695205688e-02 9.787270426750183105e-01
2.155378818511962891e+00 -1.436235606670379639e-01 3.337787091732025146e-01 1.946613788604736328e-01 -3.663032874464988708e-02 4.898938536643981934e-02 9.789612889289855957e-01
2.155640125274658203e+00 -1.438186317682266235e-01 3.336711227893829346e-01 1.953050047159194946e-01 -2.417405135929584503e-02 4.076064005494117737e-02 9.795969724655151367e-01
2.155677080154418945e+00 -1.438276320695877075e-01 3.337026536464691162e-01 2.005290240049362183e-01 -7.682203780859708786e-03 3.344012424349784851e-02 9.790868163108825684e-01
2.155832052230834961e+00 -1.439210623502731323e-01 3.336475193500518799e-01 2.030807584524154663e-01 6.281037349253892899e-03 2.666489779949188232e-02 9.787787199020385742e-01
2.155832290649414062e+00 -1.439187228679656982e-01 3.336623013019561768e-01 2.075488418340682983e-01 2.281832881271839142e-02 2.033332735300064087e-02 9.777470827102661133e-01
2.156027078628540039e+00 -1.439695507287979126e-01 3.335700035095214844e-01 2.097434997558593750e-01 3.476202487945556641e-02 1.451312843710184097e-02 9.770305156707763672e-01
2.156073331832885742e+00 -1.439769417047500610e-01 3.336102366447448730e-01 2.129852473735809326e-01 4.869747534394264221e-02 9.604511782526969910e-03 9.757938981056213379e-01
2.156097412109375000e+00 -1.439945399761199951e-01 3.336246609687805176e-01 2.149890959262847900e-01 6.233000382781028748e-02 5.484272260218858719e-03 9.746099710464477539e-01
2.156223297119140625e+00 -1.440071463584899902e-01 3.336116373538970947e-01 2.162227779626846313e-01 7.258948683738708496e-02 2.429547719657421112e-03 9.736388325691223145e-01
2.156224489212036133e+00 -1.440110504627227783e-01 3.336233794689178467e-01 2.168793678283691406e-01 8.430569618940353394e-02 2.425420243525877595e-04 9.725512266159057617e-01
2.156435966491699219e+00 -1.438675671815872192e-01 3.336228132247924805e-01 2.191502600908279419e-01 9.099341928958892822e-02 -1.803643652237951756e-03 9.714371562004089355e-01
2.156497716903686523e+00 -1.438979208469390869e-01 3.336326777935028076e-01 2.173826694488525391e-01 9.808481484651565552e-02 -1.337317400611937046e-03 9.711449146270751953e-01
2.156490087509155273e+00 -1.439081728458404541e-01 3.336601257324218750e-01 2.149845510721206665e-01 1.052285656332969666e-01 2.987872221638099290e-06 9.709318280220031738e-01
2.156508922576904297e+00 -1.438960880041122437e-01 3.336694836616516113e-01 2.119801342487335205e-01 1.101224496960639954e-01 2.461538650095462799e-03 9.710465669631958008e-01
2.156519174575805664e+00 -1.438910663127899170e-01 3.336802721023559570e-01 2.078986763954162598e-01 1.137283146381378174e-01 5.982297006994485855e-03 9.714980125427246094e-01
2.156729936599731445e+00 -1.436952799558639526e-01 3.337254524230957031e-01 2.070240229368209839e-01 1.123234704136848450e-01 1.031275372952222824e-02 9.718117713928222656e-01
2.156743288040161133e+00 -1.436794847249984741e-01 3.337492346763610840e-01 2.019930183887481689e-01 1.133459061384201050e-01 1.556652691215276718e-02 9.726814627647399902e-01
2.156744241714477539e+00 -1.436781436204910278e-01 3.337619602680206299e-01 1.961814463138580322e-01 1.136022359132766724e-01 2.154436707496643066e-02 9.737265110015869141e-01
2.156744956970214844e+00 -1.436728835105895996e-01 3.337877690792083740e-01 1.900982409715652466e-01 1.131369024515151978e-01 2.803437411785125732e-02 9.748213887214660645e-01
2.156771659851074219e+00 -1.434951126575469971e-01 3.338416814804077148e-01 1.875215321779251099e-01 1.111461222171783447e-01 3.542063012719154358e-02 9.753090143203735352e-01
2.156779289245605469e+00 -1.434887051582336426e-01 3.338652849197387695e-01 1.812307238578796387e-01 1.092898920178413391e-01 4.261026531457901001e-02 9.764198064804077148e-01
2.156779527664184570e+00 -1.434832811355590820e-01 3.338907361030578613e-01 1.750482618808746338e-01 1.072127372026443481e-01 5.021264404058456421e-02 9.774161577224731445e-01
2.156771421432495117e+00 -1.434884965419769287e-01 3.339143395423889160e-01 1.687454581260681152e-01 1.052505746483802795e-01 5.787494033575057983e-02 9.783138036727905273e-01
2.156759500503540039e+00 -1.434020698070526123e-01 3.339764773845672607e-01 1.649392694234848022e-01 1.031721904873847961e-01 6.553426384925842285e-02 9.787011146545410156e-01
2.156752586364746094e+00 -1.434020102024078369e-01 3.339978754520416260e-01 1.595705151557922363e-01 1.011324971914291382e-01 7.320271432399749756e-02 9.792603850364685059e-01
2.156763315200805664e+00 -1.433905065059661865e-01 3.340324461460113525e-01 1.550790071487426758e-01 9.917068481445312500e-02 8.064163476228713989e-02 9.795982241630554199e-01
2.156758069992065430e+00 -1.433887183666229248e-01 3.340579569339752197e-01 1.510534435510635376e-01 9.797106683254241943e-02 8.775875717401504517e-02 9.797362089157104492e-01
2.156788825988769531e+00 -1.433466821908950806e-01 3.341081440448760986e-01 1.488795280456542969e-01 9.668447822332382202e-02 9.478082507848739624e-02 9.795426130294799805e-01
2.156800031661987305e+00 -1.433221995830535889e-01 3.341313302516937256e-01 1.474033296108245850e-01 9.625778347253799438e-02 1.008269265294075012e-01 9.792041182518005371e-01
2.156800508499145508e+00 -1.433170139789581299e-01 3.341651558876037598e-01 1.464774459600448608e-01 9.726843982934951782e-02 1.064814478158950806e-01 9.786444306373596191e-01
2.156804323196411133e+00 -1.433080136775970459e-01 3.341969251632690430e-01 1.469169855117797852e-01 9.932219982147216797e-02 1.114761009812355042e-01 9.778157472610473633e-01
2.156826734542846680e+00 -1.432963311672210693e-01 3.342325687408447266e-01 1.487871259450912476e-01 1.022750735282897949e-01 1.156018003821372986e-01 9.767489433288574219e-01
2.156828403472900391e+00 -1.432905197143554688e-01 3.342645764350891113e-01 1.520945876836776733e-01 1.070592626929283142e-01 1.188204586505889893e-01 9.753395915031433105e-01
2.156830310821533203e+00 -1.432805210351943970e-01 3.343020379543304443e-01 1.568638831377029419e-01 1.131745725870132446e-01 1.211094260215759277e-01 9.736106395721435547e-01
2.156866788864135742e+00 -1.432680487632751465e-01 3.343369066715240479e-01 1.629057228565216064e-01 1.196401566267013550e-01 1.225212216377258301e-01 9.716669321060180664e-01
2.156867742538452148e+00 -1.432600915431976318e-01 3.343740701675415039e-01 1.699573695659637451e-01 1.278232485055923462e-01 1.233428791165351868e-01 9.693102240562438965e-01
2.156846046447753906e+00 -1.432601213455200195e-01 3.343993425369262695e-01 1.777264028787612915e-01 1.371311247348785400e-01 1.234187558293342590e-01 9.666314125061035156e-01
2.156832456588745117e+00 -1.432580053806304932e-01 3.344426751136779785e-01 1.863254308700561523e-01 1.471046507358551025e-01 1.227716058492660522e-01 9.636234641075134277e-01
2.156816244125366211e+00 -1.432520151138305664e-01 3.344599008560180664e-01 1.956501901149749756e-01 1.574039757251739502e-01 1.212605163455009460e-01 9.603337645530700684e-01
2.156807661056518555e+00 -1.432490795850753784e-01 3.345144093036651611e-01 2.052339762449264526e-01 1.678180396556854248e-01 1.199260354042053223e-01 9.567309021949768066e-01
2.156767845153808594e+00 -1.432129442691802979e-01 3.345925211906433105e-01 2.155964821577072144e-01 1.788787245750427246e-01 1.175661087036132812e-01 9.527322649955749512e-01
2.156750679016113281e+00 -1.432060599327087402e-01 3.346681594848632812e-01 2.258009463548660278e-01 1.899829059839248657e-01 1.150091066956520081e-01 9.485216736793518066e-01
2.156712770462036133e+00 -1.431851387023925781e-01 3.347240686416625977e-01 2.360657304525375366e-01 2.008297443389892578e-01 1.116910874843597412e-01 9.441745877265930176e-01
2.156701803207397461e+00 -1.431782841682434082e-01 3.348110914230346680e-01 2.461176663637161255e-01 2.112764567136764526e-01 1.088431105017662048e-01 9.396497011184692383e-01
2.156535148620605469e+00 -1.431477367877960205e-01 3.348838984966278076e-01 2.564647495746612549e-01 2.233256846666336060e-01 1.040911898016929626e-01 9.346210360527038574e-01
2.156560420989990234e+00 -1.431203782558441162e-01 3.350045084953308105e-01 2.661006450653076172e-01 2.323360741138458252e-01 1.009528115391731262e-01 9.300640225410461426e-01
2.156543254852294922e+00 -1.430843770503997803e-01 3.351309001445770264e-01 2.753080427646636963e-01 2.411011308431625366e-01 9.764774888753890991e-02 9.254947900772094727e-01
2.156478404998779297e+00 -1.430304646492004395e-01 3.352337479591369629e-01 2.838568687438964844e-01 2.492164373397827148e-01 9.402981400489807129e-02 9.211269617080688477e-01
2.156436443328857422e+00 -1.429724097251892090e-01 3.353932797908782959e-01 2.921426594257354736e-01 2.567227184772491455e-01 9.048285335302352905e-02 9.168200492858886719e-01
2.156358718872070312e+00 -1.428768932819366455e-01 3.356010019779205322e-01 3.001949489116668701e-01 2.641219198703765869e-01 8.611493557691574097e-02 9.125277996063232422e-01
2.156301498413085938e+00 -1.428211927413940430e-01 3.357434868812561035e-01 3.062573075294494629e-01 2.694272100925445557e-01 8.274260163307189941e-02 9.092684984207153320e-01
2.156258106231689453e+00 -1.427316069602966309e-01 3.359534442424774170e-01 3.117930293083190918e-01 2.733708322048187256e-01 7.956366986036300659e-02 9.064894914627075195e-01
2.156232357025146484e+00 -1.426500976085662842e-01 3.361477553844451904e-01 3.124912679195404053e-01 2.764027714729309082e-01 7.873997837305068970e-02 9.054009318351745605e-01
2.156181573867797852e+00 -1.425751745700836182e-01 3.363143801689147949e-01 3.125438690185546875e-01 2.781506180763244629e-01 7.778322696685791016e-02 9.049301147460937500e-01
2.156150102615356445e+00 -1.424829661846160889e-01 3.365058898925781250e-01 3.126763403415679932e-01 2.784152925014495850e-01 7.675515115261077881e-02 9.048907160758972168e-01
2.156160831451416016e+00 -1.424020826816558838e-01 3.366721272468566895e-01 3.121617734432220459e-01 2.765496671199798584e-01 7.582361996173858643e-02 9.057186245918273926e-01
2.156128644943237305e+00 -1.423073112964630127e-01 3.368693292140960693e-01 3.118149340152740479e-01 2.746717929840087891e-01 7.454343140125274658e-02 9.065154790878295898e-01
2.156076669692993164e+00 -1.422080695629119873e-01 3.370845615863800049e-01 3.113708794116973877e-01 2.724684774875640869e-01 7.324676960706710815e-02 9.074381589889526367e-01
2.156008958816528320e+00 -1.421039402484893799e-01 3.372863531112670898e-01 3.107405900955200195e-01 2.697583436965942383e-01 7.231983542442321777e-02 9.085376262664794922e-01
2.155917644500732422e+00 -1.419925987720489502e-01 3.375618755817413330e-01 3.099149465560913086e-01 2.672221660614013672e-01 6.922386586666107178e-02 9.098094105720520020e-01
2.155866146087646484e+00 -1.419123411178588867e-01 3.377741575241088867e-01 3.089810013771057129e-01 2.637952268123626709e-01 6.786228716373443604e-02 9.112285971641540527e-01
2.155806541442871094e+00 -1.418411135673522949e-01 3.379983901977539062e-01 3.081023991107940674e-01 2.605818212032318115e-01 6.634247303009033203e-02 9.125616550445556641e-01
2.155734539031982422e+00 -1.417847275733947754e-01 3.382329642772674561e-01 3.071946203708648682e-01 2.579023540019989014e-01 6.467183679342269897e-02 9.137480258941650391e-01
2.155668973922729492e+00 -1.417275667190551758e-01 3.384771347045898438e-01 3.064607679843902588e-01 2.553571760654449463e-01 6.275850534439086914e-02 9.148420095443725586e-01
2.155564546585083008e+00 -1.417154967784881592e-01 3.386905491352081299e-01 3.055026531219482422e-01 2.543089687824249268e-01 6.085712462663650513e-02 9.155826568603515625e-01
2.155257940292358398e+00 -1.416836082935333252e-01 3.389979600906372070e-01 3.055942058563232422e-01 2.574948370456695557e-01 5.824021995067596436e-02 9.148315191268920898e-01
2.155188083648681641e+00 -1.417059898376464844e-01 3.391813039779663086e-01 3.048160374164581299e-01 2.580052912235260010e-01 5.610525608062744141e-02 9.150807857513427734e-01
2.155126094818115234e+00 -1.417263448238372803e-01 3.393773734569549561e-01 3.037815392017364502e-01 2.603227794170379639e-01 5.390083417296409607e-02 9.149008393287658691e-01
2.155072450637817383e+00 -1.417582333087921143e-01 3.395408391952514648e-01 3.028386831283569336e-01 2.639712095260620117e-01 5.144330859184265137e-02 9.143093228340148926e-01
2.155022859573364258e+00 -1.417872309684753418e-01 3.396980464458465576e-01 3.028439581394195557e-01 2.693946957588195801e-01 4.851615801453590393e-02 9.128845930099487305e-01
2.154975652694702148e+00 -1.418229639530181885e-01 3.398444056510925293e-01 3.034973144531250000e-01 2.768072783946990967e-01 4.521572962403297424e-02 9.106166362762451172e-01
2.154870986938476562e+00 -1.418595910072326660e-01 3.399666249752044678e-01 3.046702742576599121e-01 2.870794534683227539e-01 4.142302274703979492e-02 9.072186350822448730e-01
2.154844284057617188e+00 -1.418984234333038330e-01 3.400861024856567383e-01 3.051883280277252197e-01 2.989185750484466553e-01 3.793219476938247681e-02 9.033653736114501953e-01
2.154764413833618164e+00 -1.419292390346527100e-01 3.401668071746826172e-01 3.058411478996276855e-01 3.129675984382629395e-01 3.439225628972053528e-02 8.985152840614318848e-01
2.154742956161499023e+00 -1.419692635536193848e-01 3.402789831161499023e-01 3.067229092121124268e-01 3.287644386291503906e-01 3.067680262029170990e-02 8.926892280578613281e-01
2.154662370681762695e+00 -1.420001536607742310e-01 3.404162526130676270e-01 3.080718815326690674e-01 3.464484512805938721e-01 2.727820910513401031e-02 8.856191039085388184e-01
2.154649734497070312e+00 -1.420185118913650513e-01 3.404687047004699707e-01 3.093776702880859375e-01 3.647456765174865723e-01 2.371462062001228333e-02 8.778859376907348633e-01
2.154597282409667969e+00 -1.420302689075469971e-01 3.405272364616394043e-01 3.109295070171356201e-01 3.838452696800231934e-01 2.058137580752372742e-02 8.692307472229003906e-01
2.154606103897094727e+00 -1.420361548662185669e-01 3.405424952507019043e-01 3.125055432319641113e-01 4.031394720077514648e-01 1.722260378301143646e-02 8.599548935890197754e-01
2.154613733291625977e+00 -1.420537531375885010e-01 3.405600190162658691e-01 3.140094578266143799e-01 4.225663542747497559e-01 1.427737157791852951e-02 8.500775694847106934e-01
2.154608249664306641e+00 -1.420567184686660767e-01 3.405369520187377930e-01 3.157356083393096924e-01 4.411113858222961426e-01 1.102777477353811264e-02 8.400060534477233887e-01
2.154699563980102539e+00 -1.420535594224929810e-01 3.405288457870483398e-01 3.179325759410858154e-01 4.586981236934661865e-01 7.780452258884906769e-03 8.297315835952758789e-01
2.154880523681640625e+00 -1.420555561780929565e-01 3.405517339706420898e-01 3.207415938377380371e-01 4.744341671466827393e-01 4.366025794297456741e-03 8.197670578956604004e-01
2.155039548873901367e+00 -1.420847028493881226e-01 3.405989408493041992e-01 3.233204782009124756e-01 4.897275269031524658e-01 1.101217349059879780e-03 8.097095489501953125e-01
2.155187606811523438e+00 -1.420835852622985840e-01 3.406288623809814453e-01 3.262875974178314209e-01 5.033149123191833496e-01 -2.353610238060355186e-03 8.001281619071960449e-01
2.155275106430053711e+00 -1.420836448669433594e-01 3.406221866607666016e-01 3.286534845829010010e-01 5.157023668289184570e-01 -5.510892719030380249e-03 7.912064194679260254e-01
2.155345439910888672e+00 -1.420603245496749878e-01 3.405960798263549805e-01 3.305899202823638916e-01 5.262653231620788574e-01 -8.997959084808826447e-03 7.833735942840576172e-01
2.155455589294433594e+00 -1.421650946140289307e-01 3.405888080596923828e-01 3.297772407531738281e-01 5.360220670700073242e-01 -1.306659542024135590e-02 7.770178318023681641e-01
2.155500650405883789e+00 -1.420903205871582031e-01 3.405402898788452148e-01 3.308985531330108643e-01 5.423564910888671875e-01 -1.734696142375469208e-02 7.720457911491394043e-01
2.155547857284545898e+00 -1.420155763626098633e-01 3.404904603958129883e-01 3.321479558944702148e-01 5.457379817962646484e-01 -2.080270648002624512e-02 7.690351605415344238e-01
2.155606031417846680e+00 -1.419295817613601685e-01 3.404409885406494141e-01 3.338576555252075195e-01 5.459584593772888184e-01 -2.342734485864639282e-02 7.680622935295104980e-01
2.155679225921630859e+00 -1.418423950672149658e-01 3.404120206832885742e-01 3.359521329402923584e-01 5.428491234779357910e-01 -2.515531890094280243e-02 7.692973017692565918e-01
2.155739068984985352e+00 -1.417409032583236694e-01 3.403768539428710938e-01 3.298263847827911377e-01 5.401492118835449219e-01 -2.227121032774448395e-02 7.739233970642089844e-01
2.155819177627563477e+00 -1.416283547878265381e-01 3.403298854827880859e-01 3.223079741001129150e-01 5.345687270164489746e-01 -1.868731714785099030e-02 7.810279726982116699e-01
2.155879974365234375e+00 -1.415767520666122437e-01 3.402496576309204102e-01 3.121990561485290527e-01 5.270872116088867188e-01 -1.401691604405641556e-02 7.902622818946838379e-01
2.155933618545532227e+00 -1.414656490087509155e-01 3.401957750320434570e-01 3.020276427268981934e-01 5.170294642448425293e-01 -8.951667696237564087e-03 8.008618950843811035e-01
2.155966520309448242e+00 -1.413414031267166138e-01 3.401273488998413086e-01 2.905817627906799316e-01 5.048744678497314453e-01 -3.654771484434604645e-03 8.128042221069335938e-01
2.155984163284301758e+00 -1.411728262901306152e-01 3.400409221649169922e-01 2.784543335437774658e-01 4.905829429626464844e-01 1.809544395655393600e-03 8.257048130035400391e-01
2.155980825424194336e+00 -1.409037113189697266e-01 3.399058580398559570e-01 2.654295861721038818e-01 4.738659262657165527e-01 6.554981693625450134e-03 8.396161794662475586e-01
2.156006813049316406e+00 -1.406388729810714722e-01 3.397704362869262695e-01 2.520817816257476807e-01 4.559071362018585205e-01 1.161191891878843307e-02 8.535037636756896973e-01
2.155996561050415039e+00 -1.403997689485549927e-01 3.395881652832031250e-01 2.373633831739425659e-01 4.363709688186645508e-01 1.669492572546005249e-02 8.677328824996948242e-01
2.155897378921508789e+00 -1.398844718933105469e-01 3.392828702926635742e-01 2.222587764263153076e-01 4.151932597160339355e-01 2.048115618526935577e-02 8.819274902343750000e-01
2.155852079391479492e+00 -1.394524574279785156e-01 3.389835953712463379e-01 2.063159793615341187e-01 3.934535682201385498e-01 2.365105785429477692e-02 8.955828547477722168e-01
2.155886173248291016e+00 -1.391009539365768433e-01 3.387497067451477051e-01 1.920116990804672241e-01 3.714701533317565918e-01 2.825660072267055511e-02 9.079333543777465820e-01
2.155910491943359375e+00 -1.388501971960067749e-01 3.385125994682312012e-01 1.768016070127487183e-01 3.489156961441040039e-01 3.235397115349769592e-02 9.197567105293273926e-01
2.155970573425292969e+00 -1.385094225406646729e-01 3.381958305835723877e-01 1.618242710828781128e-01 3.258721828460693359e-01 3.584166616201400757e-02 9.307715296745300293e-01
2.156468868255615234e+00 -1.381797641515731812e-01 3.376912474632263184e-01 1.475561112165451050e-01 3.020282685756683350e-01 3.985884413123130798e-02 9.409662485122680664e-01
2.156101465225219727e+00 -1.381377279758453369e-01 3.373211622238159180e-01 1.361212283372879028e-01 2.805558145046234131e-01 4.667149111628532410e-02 9.489896297454833984e-01
2.156297922134399414e+00 -1.379615515470504761e-01 3.368453383445739746e-01 1.262144446372985840e-01 2.582013607025146484e-01 5.328703671693801880e-02 9.563276171684265137e-01
2.162668943405151367e+00 -1.354551911354064941e-01 3.314860463142395020e-01 1.196043714880943298e-01 2.349542826414108276e-01 6.086877733469009399e-02 9.626973867416381836e-01
2.152078151702880859e+00 -1.407212316989898682e-01 3.341193199157714844e-01 1.108041554689407349e-01 2.173501551151275635e-01 6.495815515518188477e-02 9.676062464714050293e-01
2.133234977722167969e+00 -1.487306654453277588e-01 3.505821824073791504e-01 1.036894693970680237e-01 2.061765044927597046e-01 6.827403604984283447e-02 9.706072807312011719e-01
2.108740568161010742e+00 -1.587092578411102295e-01 3.667140305042266846e-01 9.698979556560516357e-02 1.985707134008407593e-01 6.987413763999938965e-02 9.727693796157836914e-01
2.089825391769409180e+00 -1.649666726589202881e-01 3.826563060283660889e-01 9.390342980623245239e-02 1.909416317939758301e-01 7.125827670097351074e-02 9.744977355003356934e-01
2.065842866897583008e+00 -1.743464320898056030e-01 3.974342644214630127e-01 9.203202277421951294e-02 1.867646723985671997e-01 7.188788801431655884e-02 9.754390120506286621e-01
2.046737432479858398e+00 -1.782506108283996582e-01 4.169973731040954590e-01 9.281117469072341919e-02 1.834344416856765747e-01 7.147743552923202515e-02 9.760271310806274414e-01
2.026843786239624023e+00 -1.828289628028869629e-01 4.361443519592285156e-01 9.523800760507583618e-02 1.819835305213928223e-01 7.066282629966735840e-02 9.761242270469665527e-01
2.006661891937255859e+00 -1.872024983167648315e-01 4.552583396434783936e-01 9.933466464281082153e-02 1.820807904005050659e-01 6.899174302816390991e-02 9.758173227310180664e-01
1.979124784469604492e+00 -1.926120221614837646e-01 4.739612042903900146e-01 1.037285625934600830e-01 1.856283992528915405e-01 6.643899530172348022e-02 9.748684167861938477e-01
1.960459947586059570e+00 -1.958554238080978394e-01 4.955767691135406494e-01 1.099596843123435974e-01 1.880491375923156738e-01 6.363335251808166504e-02 9.739081859588623047e-01
1.939671039581298828e+00 -1.988477259874343872e-01 5.175572633743286133e-01 1.175272241234779358e-01 1.921193301677703857e-01 6.056875362992286682e-02 9.724242687225341797e-01
1.917973160743713379e+00 -2.020775973796844482e-01 5.390669107437133789e-01 1.258372068405151367e-01 1.971334069967269897e-01 5.704015120863914490e-02 9.705925583839416504e-01
1.893332004547119141e+00 -2.045864760875701904e-01 5.587692260742187500e-01 1.341903954744338989e-01 2.033595293760299683e-01 5.309060961008071899e-02 9.684106707572937012e-01
1.874478101730346680e+00 -2.058821916580200195e-01 5.836151838302612305e-01 1.438140273094177246e-01 2.092638462781906128e-01 4.912254959344863892e-02 9.659778475761413574e-01
1.851702690124511719e+00 -2.077204138040542603e-01 6.055538654327392578e-01 1.533072292804718018e-01 2.160477638244628906e-01 4.470635950565338135e-02 9.632350206375122070e-01
1.831743836402893066e+00 -2.083164453506469727e-01 6.316250562667846680e-01 1.638140082359313965e-01 2.228152304887771606e-01 4.036297649145126343e-02 9.601505994796752930e-01
1.810372948646545410e+00 -2.087545394897460938e-01 6.550661921501159668e-01 1.739134490489959717e-01 2.297800183296203613e-01 3.574685379862785339e-02 9.569103121757507324e-01
1.792757630348205566e+00 -2.077489197254180908e-01 6.807842254638671875e-01 1.842464804649353027e-01 2.364531308412551880e-01 3.126114606857299805e-02 9.535018801689147949e-01
1.775090575218200684e+00 -2.059120833873748779e-01 7.051110267639160156e-01 1.942775696516036987e-01 2.429531216621398926e-01 2.675603516399860382e-02 9.500074982643127441e-01
1.758565306663513184e+00 -2.038310319185256958e-01 7.306053042411804199e-01 2.045251429080963135e-01 2.490701526403427124e-01 2.267132513225078583e-02 9.463717937469482422e-01
1.740358233451843262e+00 -2.006672322750091553e-01 7.508752942085266113e-01 2.136308997869491577e-01 2.545391321182250977e-01 1.855959929525852203e-02 9.429884552955627441e-01
1.724374771118164062e+00 -1.988340616226196289e-01 7.748535275459289551e-01 2.225140333175659180e-01 2.592698037624359131e-01 1.521364878863096237e-02 9.396995902061462402e-01
1.708555102348327637e+00 -1.954347789287567139e-01 7.989227771759033203e-01 2.309703975915908813e-01 2.634302675724029541e-01 1.222320646047592163e-02 9.365403056144714355e-01
1.693895339965820312e+00 -1.914035379886627197e-01 8.218879103660583496e-01 2.384969890117645264e-01 2.666817009449005127e-01 9.504630230367183685e-03 9.337610602378845215e-01
1.678174734115600586e+00 -1.884174942970275879e-01 8.408485651016235352e-01 2.443122565746307373e-01 2.696281969547271729e-01 6.457437761127948761e-03 9.314346313476562500e-01
1.664469242095947266e+00 -1.869724988937377930e-01 8.620521426200866699e-01 2.496725022792816162e-01 2.713922858238220215e-01 4.652491305023431778e-03 9.295096993446350098e-01
1.650815010070800781e+00 -1.835092306137084961e-01 8.834373354911804199e-01 2.547529339790344238e-01 2.729454338550567627e-01 2.677262527868151665e-03 9.276823997497558594e-01
1.636479258537292480e+00 -1.812275201082229614e-01 9.006412625312805176e-01 2.582442760467529297e-01 2.745253145694732666e-01 4.609704483300447464e-04 9.262534976005554199e-01
1.622509360313415527e+00 -1.787829846143722534e-01 9.193396568298339844e-01 2.615370452404022217e-01 2.750179171562194824e-01 -9.027693304233253002e-04 9.251825213432312012e-01
1.609191775321960449e+00 -1.763278990983963013e-01 9.366992712020874023e-01 2.641482055187225342e-01 2.747868895530700684e-01 -2.270281082019209862e-03 9.245068430900573730e-01
1.596760511398315430e+00 -1.735184490680694580e-01 9.558978080749511719e-01 2.665225565433502197e-01 2.745774388313293457e-01 -3.377098357304930687e-03 9.238840341567993164e-01
1.584795355796813965e+00 -1.712602078914642334e-01 9.737344980239868164e-01 2.680878639221191406e-01 2.740648388862609863e-01 -4.488949663937091827e-03 9.235785007476806641e-01
1.572953343391418457e+00 -1.684788763523101807e-01 9.912266731262207031e-01 2.691607773303985596e-01 2.734979391098022461e-01 -5.509166512638330460e-03 9.234289526939392090e-01
1.558645367622375488e+00 -1.666126549243927002e-01 1.009665131568908691e+00 2.691999971866607666e-01 2.730783522129058838e-01 -6.386776454746723175e-03 9.235360622406005859e-01
1.548933863639831543e+00 -1.642501652240753174e-01 1.026280641555786133e+00 2.692933380603790283e-01 2.718475461006164551e-01 -7.323523983359336853e-03 9.238649606704711914e-01
1.539843797683715820e+00 -1.618329882621765137e-01 1.042260408401489258e+00 2.690046727657318115e-01 2.705514430999755859e-01 -8.370495401322841644e-03 9.243205189704895020e-01
1.531309962272644043e+00 -1.593509167432785034e-01 1.057335138320922852e+00 2.683396637439727783e-01 2.691340148448944092e-01 -9.417152032256126404e-03 9.249173402786254883e-01
1.524137020111083984e+00 -1.582547277212142944e-01 1.071223497390747070e+00 2.667440474033355713e-01 2.673468589782714844e-01 -1.053460128605365753e-02 9.258846044540405273e-01
1.516042113304138184e+00 -1.559295654296875000e-01 1.084608316421508789e+00 2.652827501296997070e-01 2.660910189151763916e-01 -1.176180411130189896e-02 9.266511797904968262e-01
1.506670951843261719e+00 -1.534015238285064697e-01 1.097853422164916992e+00 2.636051177978515625e-01 2.654882073402404785e-01 -1.328504085540771484e-02 9.272819757461547852e-01
1.500288009643554688e+00 -1.518185585737228394e-01 1.109318614006042480e+00 2.614175677299499512e-01 2.642623782157897949e-01 -1.488053984940052032e-02 9.282267689704895020e-01
1.494449019432067871e+00 -1.501268893480300903e-01 1.120663046836853027e+00 2.590243518352508545e-01 2.633137106895446777e-01 -1.663604751229286194e-02 9.291370511054992676e-01
1.487661838531494141e+00 -1.475165486335754395e-01 1.135369777679443359e+00 2.566763758659362793e-01 2.630422413349151611e-01 -1.887858286499977112e-02 9.298224449157714844e-01
1.483621120452880859e+00 -1.460267007350921631e-01 1.143949866294860840e+00 2.538958787918090820e-01 2.622432112693786621e-01 -2.095476165413856506e-02 9.307665228843688965e-01
1.479987144470214844e+00 -1.446447968482971191e-01 1.151678323745727539e+00 2.507041990756988525e-01 2.616003453731536865e-01 -2.326535992324352264e-02 9.317572116851806641e-01
1.476022481918334961e+00 -1.427537500858306885e-01 1.159973382949829102e+00 2.471708506345748901e-01 2.616384029388427734e-01 -2.586325630545616150e-02 9.326215982437133789e-01
1.473410725593566895e+00 -1.417392343282699585e-01 1.165768265724182129e+00 2.430696785449981689e-01 2.612400949001312256e-01 -2.842762507498264313e-02 9.337359070777893066e-01
1.471843004226684570e+00 -1.403058171272277832e-01 1.170664906501770020e+00 2.386575639247894287e-01 2.608704566955566406e-01 -3.111594356596469879e-02 9.348909258842468262e-01
1.469469428062438965e+00 -1.346408724784851074e-01 1.178052663803100586e+00 2.352085858583450317e-01 2.609555721282958984e-01 -3.409643843770027161e-02 9.356369972229003906e-01
1.468307375907897949e+00 -1.330361962318420410e-01 1.182511329650878906e+00 2.301710993051528931e-01 2.610290944576263428e-01 -3.648431971669197083e-02 9.367785453796386719e-01
1.467561244964599609e+00 -1.321215629577636719e-01 1.185248136520385742e+00 2.239753454923629761e-01 2.610948681831359863e-01 -3.902190551161766052e-02 9.381587505340576172e-01
1.467012643814086914e+00 -1.313448250293731689e-01 1.187467813491821289e+00 2.170655131340026855e-01 2.613653838634490967e-01 -4.148168116807937622e-02 9.396010041236877441e-01
1.467492580413818359e+00 -1.277796030044555664e-01 1.189664006233215332e+00 2.105032354593276978e-01 2.611760497093200684e-01 -4.406780004501342773e-02 9.410278797149658203e-01
1.466932773590087891e+00 -1.275755763053894043e-01 1.191900491714477539e+00 2.022355943918228149e-01 2.614942193031311035e-01 -4.591409116983413696e-02 9.426629543304443359e-01
1.467013478279113770e+00 -1.267504245042800903e-01 1.193238854408264160e+00 1.931331604719161987e-01 2.615214586257934570e-01 -4.777683317661285400e-02 9.444699883460998535e-01
1.466705322265625000e+00 -1.261329203844070435e-01 1.194239616394042969e+00 1.829575151205062866e-01 2.615608572959899902e-01 -4.935286566615104675e-02 9.464020729064941406e-01
1.467543125152587891e+00 -1.227971166372299194e-01 1.194757103919982910e+00 1.731797009706497192e-01 2.609930336475372314e-01 -5.059259012341499329e-02 9.483311176300048828e-01
1.468744397163391113e+00 -1.220585480332374573e-01 1.195142984390258789e+00 1.614489257335662842e-01 2.601807415485382080e-01 -5.149533972144126892e-02 9.505727887153625488e-01
1.470701098442077637e+00 -1.140667796134948730e-01 1.196040630340576172e+00 1.515714526176452637e-01 2.590574026107788086e-01 -5.227793753147125244e-02 9.524612426757812500e-01
1.470495104789733887e+00 -1.136428788304328918e-01 1.197327733039855957e+00 1.375168412923812866e-01 2.582160234451293945e-01 -5.217037722468376160e-02 9.548255801200866699e-01
1.468671560287475586e+00 -1.115068793296813965e-01 1.198733210563659668e+00 1.226406320929527283e-01 2.573015391826629639e-01 -5.193537846207618713e-02 9.571092128753662109e-01
1.471554517745971680e+00 -1.023757308721542358e-01 1.203164458274841309e+00 1.107616201043128967e-01 2.542536258697509766e-01 -5.053394287824630737e-02 9.594442844390869141e-01
1.472003221511840820e+00 -9.599228203296661377e-02 1.207642436027526855e+00 9.593737125396728516e-02 2.516980171203613281e-01 -4.895152151584625244e-02 9.617941975593566895e-01
1.472216606140136719e+00 -9.485915303230285645e-02 1.212403893470764160e+00 7.809792459011077881e-02 2.484835386276245117e-01 -4.643581435084342957e-02 9.643653035163879395e-01
1.473265290260314941e+00 -9.446370601654052734e-02 1.215671539306640625e+00 5.887502059340476990e-02 2.437835484743118286e-01 -4.366971924901008606e-02 9.670554995536804199e-01
1.474373936653137207e+00 -9.464903175830841064e-02 1.219658851623535156e+00 3.847979754209518433e-02 2.381318956613540649e-01 -4.057332128286361694e-02 9.696217775344848633e-01
1.475922226905822754e+00 -9.433483332395553589e-02 1.223042726516723633e+00 1.794613525271415710e-02 2.314302325248718262e-01 -3.715395182371139526e-02 9.719761610031127930e-01
1.477699398994445801e+00 -9.377954155206680298e-02 1.226204991340637207e+00 -2.468116348609328270e-03 2.240069210529327393e-01 -3.338598459959030151e-02 9.740124344825744629e-01
1.479648113250732422e+00 -9.326274693012237549e-02 1.228633880615234375e+00 -2.260111458599567413e-02 2.155518382787704468e-01 -2.935741469264030457e-02 9.757893085479736328e-01
1.481357693672180176e+00 -9.288820624351501465e-02 1.231801509857177734e+00 -4.254691302776336670e-02 2.066424489021301270e-01 -2.584296837449073792e-02 9.771493673324584961e-01
1.483229398727416992e+00 -9.228059649467468262e-02 1.234585285186767578e+00 -6.161715462803840637e-02 1.971843540668487549e-01 -2.207616716623306274e-02 9.781791567802429199e-01
1.485216856002807617e+00 -9.188488125801086426e-02 1.237228393554687500e+00 -8.006757497787475586e-02 1.871231049299240112e-01 -1.862229034304618835e-02 9.788908958435058594e-01
1.487341761589050293e+00 -9.126139432191848755e-02 1.239304542541503906e+00 -9.723338484764099121e-02 1.762384325265884399e-01 -1.531834434717893600e-02 9.794136881828308105e-01
1.489096283912658691e+00 -9.025761485099792480e-02 1.242494702339172363e+00 -1.123197674751281738e-01 1.661170125007629395e-01 -1.218164712190628052e-02 9.796127080917358398e-01
1.491385221481323242e+00 -8.975349366664886475e-02 1.244990587234497070e+00 -1.270015835762023926e-01 1.549647897481918335e-01 -1.028707716614007950e-02 9.796686768531799316e-01
1.493038535118103027e+00 -8.878006041049957275e-02 1.247505903244018555e+00 -1.386601477861404419e-01 1.450406908988952637e-01 -7.919880561530590057e-03 9.796294569969177246e-01
1.494555234909057617e+00 -8.757758140563964844e-02 1.250488281250000000e+00 -1.479403376579284668e-01 1.355886757373809814e-01 -5.941829644143581390e-03 9.796398282051086426e-01
1.496306657791137695e+00 -8.603563159704208374e-02 1.253526687622070312e+00 -1.545538157224655151e-01 1.256812363862991333e-01 -2.360053127631545067e-03 9.799550771713256836e-01
1.497915983200073242e+00 -8.500996977090835571e-02 1.256228208541870117e+00 -1.593936234712600708e-01 1.165830343961715698e-01 -1.572932465933263302e-03 9.803058505058288574e-01
1.499479174613952637e+00 -8.397804945707321167e-02 1.259188771247863770e+00 -1.615304797887802124e-01 1.080490276217460632e-01 -1.292599481530487537e-03 9.809340834617614746e-01
1.500770092010498047e+00 -8.280074596405029297e-02 1.262667775154113770e+00 -1.608416140079498291e-01 1.003603562712669373e-01 -1.791770569980144501e-03 9.818628430366516113e-01
1.502499341964721680e+00 -8.205750584602355957e-02 1.266147136688232422e+00 -1.583480983972549438e-01 9.184437245130538940e-02 -3.227896289899945259e-03 9.830971956253051758e-01
1.503801226615905762e+00 -8.105248212814331055e-02 1.269753456115722656e+00 -1.515150070190429688e-01 8.528075367212295532e-02 -4.922927822917699814e-03 9.847568869590759277e-01
1.505522012710571289e+00 -8.061406016349792480e-02 1.273206830024719238e+00 -1.431611627340316772e-01 7.779948413372039795e-02 -7.493168581277132034e-03 9.866083264350891113e-01
1.506601095199584961e+00 -7.987403869628906250e-02 1.277022004127502441e+00 -1.310929805040359497e-01 7.192908972501754761e-02 -1.013475470244884491e-02 9.887052774429321289e-01
1.508095860481262207e+00 -7.961268723011016846e-02 1.280916810035705566e+00 -1.183057352900505066e-01 6.426714360713958740e-02 -1.387585699558258057e-02 9.907981753349304199e-01
1.509433627128601074e+00 -7.942605018615722656e-02 1.284854412078857422e+00 -1.031872034072875977e-01 5.651421472430229187e-02 -1.732582040131092072e-02 9.929040670394897461e-01
1.510672807693481445e+00 -7.940264791250228882e-02 1.288846373558044434e+00 -8.656720072031021118e-02 4.768702387809753418e-02 -2.095778286457061768e-02 9.948833584785461426e-01
1.511656403541564941e+00 -7.955623418092727661e-02 1.292813539505004883e+00 -6.888101249933242798e-02 3.794742003083229065e-02 -2.527684904634952545e-02 9.965824484825134277e-01
1.512840390205383301e+00 -7.935748994350433350e-02 1.297059178352355957e+00 -4.990511387586593628e-02 2.675863727927207947e-02 -2.754230424761772156e-02 9.980155229568481445e-01
1.513770937919616699e+00 -7.954160869121551514e-02 1.301023364067077637e+00 -3.077406249940395355e-02 1.412099320441484451e-02 -3.074772655963897705e-02 9.989535212516784668e-01
1.514562964439392090e+00 -7.988602668046951294e-02 1.304995417594909668e+00 -1.197582110762596130e-02 -3.329290484543889761e-04 -3.388337418437004089e-02 9.993540048599243164e-01
1.515543937683105469e+00 -8.075277507305145264e-02 1.308889865875244141e+00 5.159585271030664444e-03 -1.940916106104850769e-02 -3.772247582674026489e-02 9.990864396095275879e-01
1.515713930130004883e+00 -8.087347447872161865e-02 1.312906742095947266e+00 2.358795329928398132e-02 -3.567907586693763733e-02 -3.712959587574005127e-02 9.983947873115539551e-01
1.515983223915100098e+00 -8.139990270137786865e-02 1.316479086875915527e+00 4.013179242610931396e-02 -5.573093146085739136e-02 -3.772168606519699097e-02 9.969255328178405762e-01
1.515610814094543457e+00 -8.173919469118118286e-02 1.320597290992736816e+00 5.504257604479789734e-02 -7.745255529880523682e-02 -3.669694066047668457e-02 9.947988390922546387e-01
1.515182018280029297e+00 -8.230827748775482178e-02 1.324172496795654297e+00 6.706906855106353760e-02 -1.013028323650360107e-01 -3.565965965390205383e-02 9.919515252113342285e-01
1.514932036399841309e+00 -8.302134275436401367e-02 1.327350258827209473e+00 7.648406177759170532e-02 -1.282139271497726440e-01 -3.359247744083404541e-02 9.882221221923828125e-01
1.514047145843505859e+00 -8.351495862007141113e-02 1.330801367759704590e+00 8.299373090267181396e-02 -1.570836156606674194e-01 -3.053968586027622223e-02 9.836179018020629883e-01
1.513011693954467773e+00 -8.415242284536361694e-02 1.333983182907104492e+00 8.495131134986877441e-02 -1.886228621006011963e-01 -2.789663523435592651e-02 9.779706001281738281e-01
1.511679172515869141e+00 -8.457491546869277954e-02 1.336810469627380371e+00 8.358974754810333252e-02 -2.183735221624374390e-01 -2.337918616831302643e-02 9.719974994659423828e-01
